How can I insert an element in array at a given position? >> 20076497 20186745 20076498 8719442 27906868 48635819 51615474 15365427 13812329 44101918 49483672 44277487 28246317 9242176 11638153 5561172 54756864 9232447 39421813 7643201 21158330 44083562 48591269 23889527 20099017 31270619 18379616 24887047 9356352 4334163 42501172 37633033 16267516 7074420 52694098 11760863 16267468 12886795 34719440 5935245 52784190 43925538 4234103 13570282 12906766 39837750 9208939 2599475 16267464 7847666 
How do I compress or zip a directory recursively? >> 16646691 23346890 2403875 24642072 755626 18710860 45972988 9257957 30183731 6472872 9031075 30209895 34685479 44425696 52024022 10422505 46129936 990784 41853978 1402051 12067393 9437806 10122826 1399432 21521784 35339592 12367426 7980974 20523390 21580145 11173450 2977706 30184644 26470236 17446486 7128557 6394549 31915211 6121051 5362379 27066626 18710899 15515080 8354329 26745529 13546996 4584972 14783672 27497998 18075551 
How do I decompress a GZip file in Java? >> 902912 36224729 10992451 41476316 41969703 14936055 39564473 19086500 49456052 21399907 34305182 12322197 46688434 10203507 23606319 41853978 936117 48495596 30245939 16351783 16600158 12531697 38531061 6955169 5621459 17498416 5644998 29096025 16679235 44801376 1408306 5934620 14026732 3621776 33194712 39080739 4152923 25179313 841458 20730063 1168655 41368866 22956974 934866 4327579 11077099 20977534 16309699 16351760 4818946 
How do I compress a file in GZip format? >> 19044965 34305182 26358167 19044753 39564473 41969703 41853978 46688434 44922240 14467099 9806694 25310791 11036670 7564486 7980974 9102886 16391542 12322131 10099339 16351783 25984460 24539739 23266225 10203507 8106092 14450575 10099338 7564460 14783672 936117 4782724 11036415 10654210 11036529 7564273 5934620 16679235 33194712 10099334 7564165 16351760 3621776 36011735 5369437 14440240 43847181 17498416 39080739 19217081 41368866 
How do I use PriorityBlockingQueue class? >> 5485769 8471474 16577733 34974351 13953182 6620310 6620304 34974467 31235125 6632627 804090 47616384 30782740 31807100 10559441 28145585 38803719 27738182 14905679 35553888 18659933 24636312 1301774 18015077 5813724 7633897 44649610 29232174 38466484 50134024 35064705 6536471 35029826 4626830 49203873 7792918 53787416 2382757 14939915 32485288 53823968 3019211 31611549 16693597 13398248 23289920 12722856 9446753 48246265 10415778 
How do I parse a text string into date and time? >> 39034181 19247642 25524508 44925931 48818457 35878647 18180591 34700080 46413057 39134135 51259054 44712075 10726910 10725303 51350370 25872786 45713520 26564246 34752013 51285242 19521735 32866445 30830455 52431051 42861846 28612031 24031034 13166776 32823908 18843593 16208188 10643974 3795301 14873750 44376693 8896274 50560879 25524342 44044998 52496761 45287833 18099719 7512985 8151120 28273910 31715446 24192471 39870474 52425506 45748449 
How do I connect to a MongoDB Database? >> 33819865 44013018 43836279 12670603 46935734 33433492 33686822 30513015 35119442 31274932 33686966 6835789 10110663 31956760 24967245 17811055 16338335 39260604 24980157 30131661 38598828 39097051 31935871 25611197 53058527 5439741 41380269 24617266 38434259 15053280 10584321 47324479 16744329 49409326 49289955 40278105 20210769 35014255 36275392 29753844 40814641 34864686 39344620 32380426 8809834 43649021 42654873 41943348 44504282 42113127 
How do I send an HTML email? >> 8652065 2829339 12507532 5068905 3706474 2049912 13565110 47283714 322323 5068907 40603123 20034164 22517636 4931124 5068906 19376198 19376027 43124805 13802249 5289997 17746758 42691954 324608 322385 12451856 23004970 52127347 2650642 4907032 3756960 15744743 2105365 17557924 18339333 45562958 32397836 5779662 3758086 3310481 1721306 4354858 11141218 136189 659834 18762643 13007534 3680229 33348928 14494331 1610641 
How do I read last n characters from a file? >> 43077054 30458799 7322581 43076906 18776662 20296737 47792341 15317179 4121696 28259853 11589200 1962209 47439492 33516191 13837572 32170269 17686543 4008931 32839936 24620470 6616996 12301812 19300531 41528958 41600600 21081595 34410134 7537373 42263411 27082534 13781949 5695643 15317098 6483013 32028508 32839824 26694174 24449650 19030731 686250 1875343 1813212 18778735 3398470 45308631 11180527 4866895 7721361 25082511 11180333 
Creating MySql database programatically in Java >> 35435393 17204796 3168078 16182086 21353834 30186724 16182170 12167615 21357581 5582527 26173532 48921151 48915809 2161886 26496489 7449656 6499300 2101910 11819698 10246239 26496493 48915887 5577136 14844451 2320117 36489802 44569436 6510544 19322103 51776197 12414639 2320463 46297634 25770920 32966060 31105108 18870142 15354581 31422939 41316559 4410154 31223934 31286439 29009363 4410158 4410180 26337108 20019599 9095360 224560 
Generating MD5 digest from File or InputStream object >> 5470279 34210273 5470268 12514398 37337943 7553788 22602793 13651993 19300946 304350 35664191 27694931 8338800 17759063 25277329 6258015 30199239 14098236 19304310 19427098 304275 26670214 5470263 29497065 24898057 11102291 21579572 3470719 39110527 52239875 19158288 761902 2920096 36768024 31267518 27695027 30561039 16928681 4628880 15491141 15441416 24866677 304417 9322214 13652007 2932513 3721705 2920065 15491161 40483925 
How do I calculate the MD5 digest of a string? >> 5470279 34210273 5470268 37337943 12514398 35664191 7553788 415971 19300946 13412049 41461544 48507508 7776244 19304310 11665457 27912936 54021619 26670214 5244524 1590074 47254051 21579572 44580947 39110527 19053733 48622340 31135524 23273249 415956 6258015 29497065 19427098 3838348 3934409 36697665 1597941 3753052 10195927 13412390 5297592 684740 308677 10530959 6661826 1890755 30119004 39637467 32024155 1890766 1839516 
How do I clone an array variable? >> 34699357 36631649 22394752 10134532 12445291 27715177 9942358 27357042 3208903 9942494 19719989 30795259 31603288 12802148 5821881 8299856 53668533 5661197 715660 41598305 31661719 47773245 1686523 30224969 54912 3953388 19163218 6384874 812814 18640917 2535564 54922 28219892 30078837 5724018 5279360 20123433 34375932 15501120 26434874 28648944 16328862 25059244 6726469 36167950 4592545 36631657 11759521 33524305 25058703 
How to implement the hashCode and equals method using Apache Commons? >> 13633931 7239361 114123 5038916 17265747 13633897 3869294 13178804 9704700 5039178 30081794 5040414 1108647 6255473 4449756 30026159 10700355 11686053 6975502 15351365 3536861 33113437 281179 36397183 1959955 17807320 6769341 29948435 4748240 22557069 2546202 6259175 1407912 13785396 31956880 16453286 33291235 5764472 718002 18446271 29979930 10322931 42670517 34588081 44205529 26949552 2018705 9499186 30026120 42833423 
How to monitor file or directory changes? >> 54930809 36697270 24303364 1544303 7106075 10535018 42093973 7977428 19208334 8273983 14747337 34423091 54102167 19208434 1256042 31421729 20019953 14810623 1176892 7344370 26781322 34996734 8555055 15944418 8479440 1544254 19679699 11555742 24579092 10894530 14810620 4742061 34007767 28060055 10895044 4742148 42158832 27426881 3810956 8554911 3155452 17804957 4188343 17808047 5428218 6507697 18164507 8555317 1790591 17934930 
How do I move a file in JDK 7? >> 27773662 5451161 22803039 5023767 13426024 14651647 14123384 11373687 15674034 300570 4310188 2931400 13064530 16584586 3624739 6098314 9822323 1006489 4103629 37991541 6767682 8822092 3752940 16114198 22291609 25486012 6098316 13999527 47039095 14249203 45505805 47906080 16827126 15306564 6798059 45757133 51065890 24565346 47001608 52248408 28119457 14173668 32498496 13355764 47055186 2397843 34377523 49867447 32220755 9077794 
How do I create and delete a file in JDK 7? >> 29230012 22562676 617438 20281994 37256624 31512652 20281925 54026613 33084657 16691530 7988743 33252732 24384306 17679334 44591638 12650069 12400600 32988635 30927415 34990320 18255852 30595647 15038088 34707754 27297037 26449630 30638542 17232410 40791855 32988627 23909598 34120046 22858464 34806591 33396402 6767682 42373704 39795476 15116346 23129949 3208442 6690127 38099838 29887476 14903552 38067170 2637147 49110763 46837385 42253604 
How to recursively list all text files in a directory? >> 13444760 1455441 30955348 1455546 44713656 50999631 28603067 15291433 29964733 1384961 2056259 13444744 18035026 13544215 20987341 8631463 6514188 20987432 12616223 2056326 23519358 18942722 19776196 47020817 24324367 49209332 26202639 41511741 30357161 10337535 54236102 5059024 10814316 33593796 50017010 12901239 755626 2869965 11658192 18972952 7568930 2890029 2056276 32655090 46030326 15110811 12509671 1455427 2056257 8666885 
How do I generate public and private keys? >> 2331865 23330265 17515382 40835364 18850104 19886537 18850301 31848282 22077915 21647527 47715765 5769221 48924615 2708617 33197435 20578096 9011574 35731109 8102852 16171594 18879846 33142746 4328147 4907643 16335789 51206683 50389146 9221571 21414858 35703293 25322756 48666730 45891165 41280603 4071990 18264761 4170449 36472079 2975408 9577982 43699439 46842380 9001989 9001971 28307332 32433128 7988830 4909855 48793650 49363529 
How do I copy a file in JDK 7? >> 300570 1645349 11373687 33079317 24025110 2548355 24471207 39231149 15779832 25182212 15294856 10397288 2548388 1619809 7842967 24468533 624976 2071601 10358151 4741495 14903813 14464653 8128610 47681193 4746730 33620353 38898085 32197538 10138489 16089522 14165554 6812366 6267776 6098314 45298522 5767382 18954798 2071627 13400739 46545490 16046764 24391464 13999527 18580061 16570463 25032496 33282146 48133797 12651892 47598360 
How do I set the value of file attributes? >> 6927509 20148959 25583382 14810328 5612186 34784202 36423295 943459 32764205 34433798 11073580 6927495 29420843 2777750 8471004 2285085 5609133 32257629 39953100 6558439 16506953 14073885 5834391 14636121 8117901 34354039 17086952 8471021 31727217 17371887 12242819 31062959 31595825 3728269 35456059 5834437 6401015 727029 14628720 18919773 33880596 21690042 726933 9009247 20378105 30731452 43364356 14360989 19808536 44642736 
How do I reverse the order of array elements? >> 19776557 423602 22065663 28246317 34971306 42132413 215283 13803879 14988091 9995487 30740839 54134775 14988032 43854122 9995552 2670479 54035993 2102552 14988059 32431615 54032080 40992322 1098153 9995499 19186366 35089578 45907956 49207716 9332512 17077033 54054106 14988057 35122576 24717422 16952968 7414867 37669529 10766502 8523984 7943922 22212477 9995513 9995488 54034408 2670550 8704101 54032105 48937825 10741952 46305833 
How do I send an Http Post request? >> 3324964 10607366 46263882 20302567 14057848 14767792 11939695 28832645 39982715 20481810 31734500 31302480 4206094 5021102 10604230 29694895 35013372 24324681 17232668 40911954 35461885 51924763 30000144 33997900 4659910 7085300 26356081 46395435 13468601 40714456 10364996 3324722 19830060 21551271 30034681 24902078 6434353 18966389 16277090 42298404 39238061 12669509 15406340 9355359 30253405 19617698 2130251 53144239 35081428 47376105 
How do I get all available currency codes? >> 3537085 13391761 14685495 9777945 2544488 45470695 46201839 37496913 45342884 7751593 2997490 16833419 9777956 45342807 3994092 39974939 7828512 48427241 41889718 29969864 18531225 26734920 16833472 19072112 12761915 23977723 16896615 30519223 20475684 35366294 44150840 15343675 44850111 27228664 39454396 14549134 21536983 34000700 4817118 3617254 26478036 24234282 49306128 39975200 12432528 11507300 8148773 42702108 21987522 51140362 
How do I get the primary key of any JPA entity? >> 3884258 3883753 3328953 3335062 3820974 46073932 21398886 3820938 3820935 3328918 11535164 2707340 20202506 31472251 3823596 36209526 788962 46836412 3179151 16647275 30880906 16647479 4872694 29211044 29211110 644777 36084822 12142618 34088904 5482318 41144127 4057726 23191886 16947357 29561919 3179157 6839336 33146091 32760688 3588728 6628098 1122241 36275379 12888458 20202471 5482477 3517474 3419000 6451010 41144125 
How do I delete entity object in JPA? >> 29647983 19707991 811352 51313642 25157060 29723834 48957682 48502296 16318401 3409945 6646511 44348848 34576869 28948424 40062643 30019803 19751578 2997137 13150608 3889814 30168342 34190522 38896630 48280484 23272332 3108988 4605339 23927562 40062573 33604898 21192684 31018246 21192591 28439360 10050227 33465120 22315188 16881394 10483135 29123411 44457201 20582674 38420654 54813841 1923411 54436542 22961319 17479284 11577863 19341083 
How do I get host default timezone id? >> 35332270 22664132 46243973 30133134 52055916 46170346 86303 10711526 24806352 20227224 39061638 11061352 50500012 22663953 13092894 45493136 230313 11739228 46291351 4199281 45797132 49121103 11399538 28675662 1707934 10932007 4199245 1726442 24846845 18979937 27386103 11908747 38915077 14645513 21420765 14895859 22323172 19122072 13092891 8232291 16680635 16658374 14325177 17926927 25272072 20471441 15989187 53332163 29747833 7200246 
How to create an XML file of a POJO using JAXB? >> 8578030 25321858 25656014 40809040 21752861 13315642 35069266 16823889 27817336 24552407 12561209 17071916 26100046 24462150 46430654 16364653 8577510 47603164 35094811 11419366 30363443 48152543 29097907 687759 12035886 21751767 35217018 6929338 41736816 21141949 5163207 22502785 35060287 22451706 8577477 9705813 20766943 48638152 27815508 14778738 49882876 26180563 32251119 6748746 11311823 12038994 30122453 25644099 21751766 47573581 
How do I compare two dates? >> 15925576 25963783 2592549 25051355 18099342 15925564 32330680 32330715 25051354 14452268 22040488 22376079 15925758 15925541 25051389 10280967 10767076 14125167 32330751 17498169 32330706 44624865 25963807 32330772 14521632 52183464 8367962 25963778 9640321 15925580 13853528 13392391 18099306 19110016 2811213 51770493 4583316 52705212 32331012 15925575 30026560 36561908 13764171 30526998 9600575 5887477 35411693 42391160 25963764 10280990 
How do I retrieve available schemas in database? >> 9554901 9558742 20528936 3495617 6896835 45424514 3495591 9554913 46319967 43275352 23920396 3001523 10682299 1301541 9324126 10667593 26627232 3496383 2045332 5680011 8312491 39136628 16282699 341767 30947169 31104741 32337900 1545174 13879370 11444645 30060710 10652066 43274419 11994938 2154452 64312 20900801 39485295 28006674 15642737 8916413 21115965 3179948 6321681 6748746 39485422 18801591 9558437 10052578 2163967 
How do I call a stored procedure that return a result set? >> 40419296 42169952 48147962 10609281 10295486 40984167 4499848 49377293 14371479 11881259 50574404 49708673 18555770 21678328 20217670 52657327 41507047 3180797 3320338 13613763 43134767 40458451 43049214 33084945 34396733 11292026 30117876 26381638 48281931 17282440 47094602 32690150 3573413 10466987 30785481 34713119 5153268 3573111 19107545 52665303 19996773 27683399 2277932 14780300 36146056 2822591 3180815 36013609 20268464 3686738 
How do I convert raw IP address to String? >> 9286956 2753176 9341037 6026452 11548405 11548338 44079384 20519622 11548450 36836399 22070468 20049027 17489484 12058129 5080334 12057944 13448848 24512050 5719553 4209920 2809092 26778627 17489548 6505201 3233746 10938387 2345094 9900452 9900477 3371993 37238098 4256603 8765707 14418215 10839361 5571816 2753250 16253571 5719594 6026444 33118845 31209732 12100795 5571823 11302816 1957670 16642424 9129488 21136267 4436945 
How do I create an encrypted string for password? >> 38425860 7762882 29226937 9921369 3771336 11914732 20176961 7762892 37405070 11914775 42431640 13857268 17083863 3317673 20838944 32096951 3684571 39116982 39330884 47020084 17083168 3434775 10307724 52517229 39116974 5871867 46163702 44600734 3769938 33810806 30953269 9684238 3535321 14369350 5169262 27883372 10922695 17631484 31586238 2442304 7958387 17631479 38161408 26214325 34290013 14720192 42373814 28791197 176188 33400303 
How do I breaks a paragraph into sentences? >> 21430737 21430792 33900185 17983763 9493264 14785527 39985697 6514989 14768187 20172593 17056275 43957199 9675460 23357498 20972746 32174056 25951342 39696031 4373649 23357599 34382160 39580775 3132330 15017777 48749313 35894342 30264442 42903514 2188330 11095267 34386085 42219474 15994059 37526450 35371714 9678468 30926661 48398736 41391801 22482309 35894103 19464001 28017131 17160895 42122726 32466609 22006491 19693045 9677730 28610834 
How do I parse a number for a locale? >> 17092147 22454356 24557586 23015335 11973568 12101534 5839308 4499282 34646884 34455840 41213642 35627318 11973442 4739446 49518192 15587028 7009951 42760941 4323627 52812225 22454331 28992985 8655754 17680346 52275539 4375440 9892942 51627753 888105 43973874 46361886 3247777 4746352 12365475 46685915 20659206 28545143 18758541 23991368 14195068 11260598 52831450 5911698 20404022 4323628 4739381 51960912 40097652 6556706 15587508 
How do I get JDBC driver property information? >> 35147321 52715900 6665818 2911445 27290859 10638359 20887378 288941 35033823 1337068 9102397 269184 30358635 7665442 28220939 40354178 10979070 27705604 34724173 980706 2180927 7662968 3744623 11432492 1858842 28220844 6792340 29364834 16239595 30826155 17709030 36551575 35459999 22540031 27276523 15593762 106590 32573072 3278355 10979048 44428233 15775709 48115709 49337709 15428704 4094521 14942005 54243306 21733515 4085484 
How do I execute stored procedure? >> 19996773 30339964 22404565 26381638 44832034 9743817 11827624 5895112 40458451 43134767 50322389 20217670 54673856 48147962 3320338 41507047 40419296 1357963 4499848 50836560 11292026 43049214 3180797 50574404 48281931 19996844 10295486 11881259 30289592 5406333 50741111 44047228 18555770 52588783 34713119 1358016 40405355 16991107 3320250 19996832 4524870 33084945 27238974 46307237 19107545 22073959 33638491 24907876 28026078 34421932 
How do I get list of files from FTP server? >> 44839455 29159787 14467304 21983199 47408280 14200271 14200254 29477291 36035384 4756241 38432603 48883334 49877234 14467213 16913150 21983419 26223216 16716357 11290823 49726800 6790857 6041874 53885032 23992453 5183378 49623958 48503768 6528005 2340158 23260306 48570007 23768745 4303188 34439152 26421184 10719929 40780753 2339875 4562555 24812681 10482449 36710948 11202590 32148000 3825133 4563073 16446030 27567604 4322315 11267080 
How do I upload file to FTP server? >> 11555318 6528005 6528143 6790857 11555398 19361304 17454648 15276688 7427578 47311146 16069766 11601030 10148246 11289436 11204013 3972882 39530367 3706887 11574042 17511392 4838598 11601284 10719294 11202590 10282580 7203063 12041445 10880846 6790874 9517697 6793804 48536703 11739243 21554487 4731702 10719929 15141160 11739220 48822265 13087622 10715559 31654704 10719160 11226557 28806924 10719265 16529197 32375918 8738997 11616721 
How do I create an Excel document using Apache POI? >> 37544394 52397229 6858571 41877197 35705763 6743942 21977740 3354828 49155783 10394177 2239980 3146696 32008823 42258534 14117656 13337853 42398971 17328814 34734667 3367297 19133182 46900076 31190435 26056716 18839856 18333302 21608357 13337830 16653995 50410702 23885171 14434198 29438950 32248594 4240040 5937590 8817337 2229628 24058381 12114489 51154666 25660638 28604632 4253050 44312078 6895245 24173698 1740070 21680397 11578843 
Take a screenshot and save as image in Java >> 27603992 17229248 31083752 18156495 10796047 4490471 58326 27866954 18187002 32628877 12807482 24466227 24466222 14963075 36248163 46221107 20184485 18171792 51767141 33015958 51893909 12713670 53887095 50875676 27650558 36088933 16640204 5899010 35851689 2746360 36468166 12633968 16640154 39957805 35291201 51404632 43367037 23994620 6315298 47560407 37565497 20809316 35850718 12970636 1280510 53721162 27650544 26786949 36997785 24636834 
Redirect Servlet Call to Another URL >> 25856765 19079153 16244524 11942406 12639285 9800673 12014169 32897323 5539271 26670028 5308824 8242807 18211600 46360145 26503549 10909883 9037443 28368110 18226219 25060392 9799303 7794983 40709303 28915160 9144327 27549220 9785526 10910014 11427792 18211619 23708112 30845063 41887452 17696594 14582031 35556282 21551271 28627143 12982091 23553615 8032292 20371390 50039537 2591964 4377635 14606651 39295333 29646504 850559 54454220 
Get Request Parameters in a Servlet >> 41413398 17015612 26497799 5790414 40790318 4933970 16850554 21895437 6004378 9800299 24495905 21551271 52409431 2551876 9800673 33677297 6004382 21546103 30849923 5074510 9583078 10994911 9818393 24497029 32477766 190859 23019227 5593831 2811841 7780172 19814383 8613416 13819548 1407159 5539271 1890458 26494799 21113480 11675847 6339603 9800425 9264489 2551840 37250657 9813824 38783785 2551837 8710568 3389006 2194956 
building lucene search query >> 2869818 22936018 14469172 13620348 29466757 50379562 12070116 17081771 37909856 33442420 11663206 19772339 13873 51203287 48852283 9033602 4153516 8300269 252254 33028110 4624979 16864868 7900785 17408195 31907738 30368628 1133280 9033522 8538024 4091479 16219435 19466231 465164 43320200 13933481 8187376 4615492 8921532 35513094 50788456 7744724 40551847 8530884 11124207 11949717 4256320 28658830 10248797 19061516 9033504 
read JSON data to JSON Object Model >> 11678081 38238862 36294501 9390517 11554277 34141223 3286001 52001306 28714523 36291570 52906026 14244434 38732936 51582625 42740192 34500314 27791122 30213933 47153880 51453018 20047952 25418826 11984877 15453215 45759785 11107018 30997366 52009561 16902813 33011226 44123725 50407431 30882309 28013236 47124451 22295494 51183340 49128011 11194894 53472834 20047771 20047763 40211586 42834201 38689485 51582581 30968249 50163639 33005185 52041419 
how to serialize JSON Object >> 20542508 8725397 33292415 12156646 16607559 25513488 6366279 6050963 20987974 18123772 34283373 20527336 32762602 13998942 38058135 32456475 43167167 46151673 32456345 32235008 10903489 3272244 21066487 41979087 31440524 8074022 35721833 28124749 35726034 45739087 48104969 24200479 19061353 8184553 26753948 5669393 28816986 12105539 6281108 19848180 3341439 26126582 48132566 17351094 5311276 35147896 51822689 23105514 37550480 19303001 
Java Compare file content >> 7819620 10976653 27379566 50735700 36676189 1523567 30013592 20456342 27379155 36309671 10311716 16293384 8931060 37718632 51921550 32785244 18087198 1523543 36383873 43505948 37020909 16261471 10311706 8089644 8120083 42861403 1510596 31440281 45579061 27379126 1510579 6321036 27379430 7586282 41027743 18087215 15210854 15441433 18764405 16261979 30936918 31363761 10311643 6453649 40058054 13209374 32565503 19830654 11723870 31370900 
How to Sort a Map by values >> 109389 6584631 33903633 6281263 747627 7268690 2581754 2112659 51804965 13438052 3610237 12919770 2112786 119143 44739950 25481321 14936963 51805250 10808650 14476835 15504292 22132422 42252583 2864923 20542144 32891575 42252556 7263116 40852723 36267205 15503895 20089342 12184443 7166058 15502196 8647597 19671853 10214243 111183 15436724 24203299 23215184 8046512 17904414 29936953 4943507 51608541 10046315 14476797 7881996 
How to Capture image from webcam in java >> 46145364 10696643 4383406 14744937 9046360 9046345 8185050 13347845 971686 10651784 37231688 10028493 9160057 13904211 6642082 1382841 17609204 15521275 17875092 278691 15527448 292424 25645825 6298711 13386129 6386820 38282933 3049343 12765915 5647956 26064532 31871593 13541178 27767980 24134972 14081658 20010310 24847914 11445892 47028737 25233736 1891319 17724571 28675509 18509445 5990088 6379649 6087710 15362714 278636 
How to Load an image and write text to it >> 6540798 2736349 6540490 2738106 33205408 7745390 2736340 10985366 43893343 6540516 8325156 23645799 28268557 2736346 6019108 7226048 39674379 8735707 8107256 4895827 4944536 18189965 20227910 6445283 23905890 11318277 48110556 24349050 15750734 9903623 40790658 31867651 27118327 9756618 15232307 11192126 23042880 43779541 17254246 7323722 10604661 48110708 7323595 47736329 20960798 29699347 14253537 19892256 1313180 17897394 
Read JSON Array >> 36290229 46888601 10926379 19115485 33486481 43045241 15999290 25352198 24342377 34923247 42440060 20409496 32845190 29407023 27694791 45629228 43332779 40933439 33754239 33779081 31925713 21970784 44390770 21275318 34426762 49768736 13716351 44720865 31262730 46356535 35129009 9812567 20058631 39345610 48208409 32459483 16731112 23825166 48837711 16793133 36919032 31919845 39345666 31072629 31009761 26814933 27080952 11879002 7838245 27520798 
Read file as bytes >> 9588458 16227895 20158134 9588409 35251851 31681187 11183273 34825802 26096149 53959335 9283964 20155909 27707409 21663878 21303540 33423541 21955957 4478979 10789856 37703088 21157558 29668999 33980112 24928175 5754515 3581445 858991 5616057 11076155 18811963 9141275 32970857 27789008 6604067 22376199 16019477 1227301 47510977 1512213 10614510 7648546 3967702 33980157 9283619 5078359 18272260 18106212 1530360 38424475 4537967 
Create a File Lock on a File >> 33517721 15143267 34718685 3700892 12537924 30402123 38649024 4583523 10503378 9020391 1556140 19181928 46668997 16788810 9150561 43923029 595660 2935046 27297037 47003046 6987720 22648514 24327826 10790138 5680636 416337 17649865 5680752 38648963 2269157 16788823 39298690 3445287 20365769 9831007 5820973 38703625 14279318 5715507 1268980 3445305 1391492 484221 17144015 2723401 12982661 22998766 5680605 920611 13510863 
Copy a Directory recursively >> 29801090 9338319 32604758 34254130 35637942 29819001 8147788 46030326 50418060 39725832 11652009 8631463 6514188 21604483 28603067 44713656 49209332 50999631 15291433 8666885 29964733 54236102 34583605 4485599 11652018 30357161 2056259 32655090 11651998 26202639 2056326 10814316 26610944 47020817 33593796 27917071 15110811 37076282 2993908 5954169 779529 29770902 47964817 34081537 45192890 857235 20121303 2056257 3348150 12839575 
Create a very large file using mapping >> 21159495 29337515 3803824 2997328 12561209 9648239 8652482 2997295 12353343 47664994 18588740 29342013 12353533 414572 15800625 23715713 8678284 40777450 9505190 2542614 11011399 20563515 5172248 44534173 9268065 31196047 5868454 7537558 19855211 869070 11159757 30507225 10010571 10010657 28686362 28787915 4666707 17542461 1530099 34845901 13214467 12258308 10009115 22998658 21110318 12982937 29942465 29438559 14324795 26047696 
Convert Between a File Path and a URL >> 27241528 3631670 45782699 2717696 14696595 17870390 7700050 12733172 21580145 2789456 23136951 6164524 32557217 3631667 21601629 4714719 46793408 13531165 6164541 8014184 32874771 39168455 13616898 27784433 34373639 4896512 13531283 14162103 13605734 24485408 48317911 18528710 12195820 6818370 51022774 26548024 32148617 26274258 26311779 9225238 2317895 37522150 25167438 605860 22933526 11793697 33317999 24558467 29444838 30388910 
Use Scanner to read a list of comma separated values >> 3828588 36588218 53643212 40028178 22936364 10960359 684140 48704013 43118896 35523706 27934027 7488698 36349153 7488674 26598871 19765680 19254375 7488676 46518839 6979363 22936255 7526722 31217867 31302296 48605176 25939781 22695077 33026297 39315003 33572326 35399987 9065708 936813 26876357 43202539 18104334 37388907 43202424 35570259 46142966 46485179 22203723 37388906 16141945 37388898 2788178 18104355 20788045 40471482 33022853 
Compare the contents of two Streams to determine if they are equal or not >> 46728479 33229305 37840961 40008291 760340 27379566 10544860 34425659 29245491 30266158 3028703 35408904 37846105 1822172 4245962 24425692 12323576 5703797 37834260 49563675 15239841 4733148 38443433 37172623 13501200 34952403 43715394 23784414 5307163 27379155 3217065 37210041 28214904 51921550 13892901 27866970 4245881 13996136 21404019 42340076 27379126 35408718 44669758 3144918 985343 45917097 27379430 15572733 13952605 7955136 
